740
673
746
739
757
715
714
727
656
676
674
720
